201d0030
20040004
0c000c0d
00000000
00000000
00000000
00000000
00408020
08000c40
00000000
00000000
00000000
00000000
23bdfff8
00000000
00000000
00000000
afa40004
afbf0000
20080002
00000000
00000000
00000000
0088402a
00000000
00000000
00000000
00000000
1100000b
00000000
00000000
00000000
00000000
20020001
23bd0008
03e00008
00000000
00000000
00000000
00000000
2084ffff
0c000c0d
00000000
00000000
00000000
00000000
8fbf0000
8fa40004
23bd0008
00000000
00000000
00000000
00000000
00820019
00000000
00000000
00000000
00000000
00001012
03e00008
00000000
00000000
00000000
00000000
00000000
00000000
00000000
00000000
00000000
